00825356
00858670
00872440
00957811
01036318
01039874
01075704
01112952
01112978
01215037
01251578
01274307
01287226
01314731
01346048
01357094
01370089
01371566
01427053
01433788
01498682
01500107
01627256
01729698
01744259
01812361
01845841
01855287
01858620
01909241
01945567
01961838
01963933
01980408
02060002
02408367
02408383
02436095
02438471
02512127
02513026
02514933
02521649
02523991
02527281
02606648
02612729
02620722
02627263
02630622
02633139
02657948
02756567
02758902
02831253
02945020
02974392
02977825
02984763
02993079
03067451
03083912
03095536
03110558
03157195
03160447
03163805
03165503
03166188
03167087
03186756
03189271
03195955
03201415
03201654
03202249
03219425
03221678
03227345
03233160
03260445
03285327
03290855
03364411
03373479
03438074
03439122
03456175
03503927
03537677
03567229
03568169
03570660
03573706
03581162
03581683
03599727
03632189
03651890
03657954
03673258
03675055
03676624
03683018
03686680
03688694
03691268
03715125
03740545
03750288
03756434
03761871
03807351
03822954
03824760
03870573
03876430
03882370
03900925
03916509
03958824
03973682
03979689
03981735
03981743
04018263
04041554
04046157
04052726
04055497
04066445
04071379
04080420
04088670
04146734
04182960
04186722
04210696
04220018
04241568
04244943
04276754
04284758
04286985
04288601
04295697
04306726
04323846
04327391
04334579
04345914
04354833
04363792
04374500
04381307
04385720
04385936
04390365
04471132
04478889
04506838
04552303
04560892
04563581
04566741
04567855
04585568
04612768
04622999
04623583
04671293
04721080
04721700
04723441
04727707
04739660
04760641
04768578
04779567
04799292
04816575
04820056
04820551
04820767
04821062
04822680
04886156
04889382
04890810
04895025
04897419
04900809
04906442
05000001
05040878
05041494
05041971
05043499
05055701
05072117
05075365
05098599
05117351
05119151
05121247
05130952
05143483
05149315
05160094
05163541
05163969
05169116
05170330
05174320
05181384
05188194
05202577
05203045
05212064
05214528
05221995
05221998
05238568
05240142
05243560
05246397
05246474
05247672
05248195
05248801
05250582
05254330
05256600
05261831
05264571
05264586
05265994
05266068
05266772
05268976
05280027
05281767
05282287
05282479
05283853
05308005
05311026
05311033
05330693
05338491
05342673
05347273
05350344
05350419
05350661
05353649
05353938
05355785
05356258
05356590
05356664
05357557
05357757
05358088
05358423
05361125
05361492
05366650
05375298
05377383
05383288
05383320
05391555
05391666
05395914
05399791
05400528
05401992
05404587
05404623
05404686
05404863
05406137
05423201
05431451
05432885
05434290
05445605
05447032
05447134
05447188
05451831
05452669
05453299
05453816
05454769
05460245
05463641
05481963
05491265
05492540
05507254
05507890
05510478
05513638
05515676
05516568
05565173
05567655
05568649
05571155
05571235
05571242
05619301
05619518
05646368
05646979
05647041
05649788
05675817
05697535
05698166
05698565
05701539
05710914
05723633
05730835
05733510
05772303
05773639
05777881
05778411
05778777
05778880
05778940
05779231
05779790
05780138
05796186
05844487
05844488
05846727
05846808
05848478
05849542
05852456
05854076
05854078
05854112
05854899
05858569
05859204
05879916
05879918
05883103
05917947
05918359
05919760
05919761
05922139
07005754
07024227
07029564
07087760
07103195
07124449
07276561
07332075
07548027
07791361
07791643
07793888
07795511
07828965
07838162
07957467
07992506
09666965
09668170
09668538
09670411
09671094
09671614
09676555
09679263
09679583
09679913
09680575
09680649
09680760
09681080
09681982
09682170
09682997
09687081
09687510
09689004
09689284
09689453
09689498
09691464
09695691
09695901
09695950
09697339
09698024
09699485
09700002
09700593
09701465
09701918
09702376
09703896
09704292
09704550
09704677
09705949
09708218
09709509
09723040
09724535
09734211
09749037
09750498
09751207
09752213
09752247
09752841
09755679
09757386
09761883
09765900
09765934
09767369
09767518
09768144
09769357
09769845
09771015
09771056
09772153
09775636
09779471
09779968
09784679
09786179
09787573
09789058
09789371
09792664
09793290
09796327
09809591
09810383
09820622
09821042
09822032
09822156
09822552
09822800
09823444
09823592
09824822
09826173
09827064
09830662
09830704
09832270
09836057
09843509
09843905
09846981
09851718
09852278
09852401
09859364
09859844
09860487
09866443
09866575
09870122
09875139
09875451
09876202
09888744
09893314
09894189
09894460
09894726
09895053
09895186
09895582
09895889
09896853
09900531
09901000
09901422
09903006
09911488
09914623
09915802
09916701
09920372
09920471
09921370
09925975
09929605
09930314
09933961
09937012
09937442
09938523
09939141
09939372
09940081
09941550
09941857
09941980
09942012
09942202
09942947
09943168
09945569
09945593
09945627
09946187
09946492
09948423
09952359
09953779
09954140
09954736
09957820
09958661
09959735
09960089
09960311
09961400
09961483
09961673
09962275
09963711
09965906
09966326
09967472
09967530
09967621
09967837
09967977
09968413
09969817
09970427
09970724
09971227
09971318
09971698
09971755
09972688
09972712
09972894
09972985
09973439
09973595
09973934
09975079
09975236
09975483
09975897
09976507
09978396
09978453
09979808
09981713
09981721
09983503
09988155
09990433
09990441
09991316
10037547
99987752
99988842
99992893